3   0.2843   0.7498  -0.3331   0.3528  -0.5146   0.40    2.4
2017/06/14 08:13:25.600   59.350917489   18.067245005    54.5485   2   5   0.4981   0.2830   0.7465  -0.3316   0.3514  -0.5127   0.60    2.1
2017/06/14 08:13:25.800   59.350918129   18.067244487    54.4956   2   5   0.4959   0.2818   0.7432  -0.3301   0.3501  -0.5108   0.80    1.9
2017/06/14 08:13:26.000   59.350918704   18.067244107    54.4362   2   5   0.4937   0.2806   0.7399  -0.3287   0.3488  -0.5090   1.00    1.7
2017/06/14 08:13:26.200   59.350919542   18.067243537    54.3806   2   5   0.4916   0.2794   0.7367  -0.3273   0.3475  -0.5072   1.20    1.5
2017/06/14 08:13:26.400   59.350920103   18.067243150    54.3589   2   5   0.4895   0.2782   0.7335  -0.3258   0.3462  -0.5054   0.40    1.4
2017/06/14 08:13:26.600   59.350920591   18.067242685    54.3234   2   5   0.4874   0.2770   0.7304  -0.3244   0.3450  -0.5036   0.60    1.3
2017/06/14 08:13:26.800   59.350921095   18.067242211    54.2869   2   5   0.4854   0.2759   0.7273  -0.3230   0.3437  -0.5019   0.80    1.2
2017/06/14 08:13:27.000   59.350921587   18.067241716    54.2504   2   5   0.4833   0.2747   0.7242  -0.3217   0.3425  -0.5001   1.00    1.1
2017/06/14 08:13:27.200   59.350922196   18.067241268    54.2318   2   5   0.4813   0.2736   0.7211  -0.3203   0.3413  -0.4984   0.20    1.0
2017/06/14 08:13:27.400   59.350922654   18.067240851    54.2248   2   5   0.4793   0.2725   0.7181  -0.3190   0.3401  -0.4967   0.40    1.2
2017/06/14 08:13:27.600   59.350923267   18.067240360    54.2066   2   5   0.4773   0.2714   0.7151  -0.3176   0.3389  -0.4951   0.60    1.3
2017/06/14 08:13:27.800   59.350923778   18.067239946    54.1911   2   5   0.4754   0.2703   0.7122  -0.3163   0.3378  -0.4934   0.80    1.5
2017/06/14 08:13:28.000   59.350924244   18.067239551    54.1924   2   5   0.4735   0.2692   0.7093  -0.3151   0.3366  -0.4918   1.00    1.6
2017/06/14 08:13:28.200   59.350924787   18.067239139    54.1909   2   5   0.4716   0.2682   0.7064  -0.3138   0.3355  -0.4902   1.20    1.7
2017/06/14 08:13:28.400   59.350925285   18.067238593    54.1890   2   5   0.4697   0.2671   0.7035  -0.3125   0.3343  -0.4886   0.40    1.8
2017/06/14 08:13:28.600   59.350925800   18.067238062    54.1945   2   5   0.4678   0.2661   0.7007  -0.3112   0.3332  -0.4870   0.60    1.9
2017/06/14 08:13:28.800   59.350926316   18.067237527    54.2165   2   5   0.4660   0.2650   0.6979  -0.3100   0.3321  -0.4855   0.80    2.0
2017/06/14 08:13:29.000   59.350926839   18.067237002    54.2511   2   5   0.4641   0.2640   0.6952  -0.3088   0.3311  -0.4839   1.00    1.8
2017/06/14 08:13:29.200   59.350927297   18.067236476    54.2890   2   5   0.4623   0.2630   0.6924  -0.3076   0.3300  -0.4824   0.20    1.7
2017/06/14 08:13:29.400   59.350927892   18.067236086    54.3259   2   5   0.4605   0.2620   0.6897  -0.3064   0.3289  -0.4809   0.40    1.4
2017/06/14 08:13:29.600   59.350926384   18.067237701    54.5168   1   4   0.0226   0.0103   0.0311  -0.0130   0.0100  -0.0093   0.60    5.6
2017/06/14 08:13:29.800   59.350928773   18.067235065    54.3632   2   5   0.4573   0.2601   0.6847  -0.3041   0.3267  -0.4776   0.80    1.1
2017/06/14 08:13:30.000   59.350929215   18.067234532    54.3920   2   5   0.4555   0.2591   0.6820  -0.3029   0.3257  -0.4762   1.00    1.1
2017/06/14 08:13:30.200   59.350929325   18.067234108    54.3947   2   4   0.4547   0.2583   0.6804  -0.3021   0.3243  -0.4737   0.20    2.0
2017/06/14 08:13:30.400   59.350929892   18.067233570    54.4061   2   5   0.4523   0.2573   0.6771  -0.3007   0.3236  -0.4731   0.40    1.4
2017/06/14 08:13:30.600   59.350930353   18.067233301    54.4030   2   5   0.4505   0.2563   0.6744  -0.2995   0.3227  -0.4717   0.60    1.5
2017/06/14 08:13:30.800   59.350930794   18.067232880    54.4280   2   5   0.4489   0.2554   0.6719  -0.2984   0.3217  -0.4704   0.80    1.7
2017/06/14 08:13:31.000   59.350931346   18.067232481    54.4353   2   5   0.4472   0.2545   0.6694  -0.2973   0.3207  -0.4690   1.00    1.8
2017/06/14 08:13:31.200   59.350931814   18.067231699    54.4419   2   5   0.4456   0.2536   0.6669  -0.2962   0.3198  -0.4676   1.20    1.9
2017/06/14 08:13:31.400   59.350932261   18.067231130    54.4458   2   5   0.4439   0.2527   0.6644  -0.2951   0.3188  -0.4663   0.40    2.0
2017/06/14 08:13:31.600   59.350932763   18.067230613    54.4379   2   5   0.4423   0.2518   0.6620  -0.2940   0.3179  -0.4650   0.60    2.0
2017/06/14 08:13:31.800   59.350933113   18.067230399    54.4347   2   5   0.4407   0.2509   0.6596  -0.2930   0.3170  -0.4637   0.80    1.8
2017/06/14 08:13:32.000   59.350933644   18.067229791    54.4113   2   5   0.4391   0.2500   0.6572  -0.2919   0.3160  -0.4624   1.00    1.7
2017/06/14 08:13:32.200   59.350934179   18.067229301    54.4119   2   5   0.4376   0.2491   0.6548  -0.2909   0.3151  -0.4611   0.20    1.5
2017/06/14 08:13:32.400   59.350934653   18.067228505    54.4158   2   5   0.4360   0.2483   0.6524  -0.2898   0.3142  -0.4598   0.40    1.2
2017/06/14 08:13:32.600   59.350935305   18.067227345    54.4328   2   5   0.4345   0.2474   0.6501  -0.2888   0.3133  -0.4585   0.60    1.1
2017/06/14 08:13:32.800   59.350935901   18.067226693    54.4824   2   5   0.4329   0.2466   0.6478  -0.2878   0.3125  -0.4573   0.80    1.1
2017/06/14 08:13:33.000   59.350936596   18.067225970    54.5386   2   5   0.4314   0.2458   0.6455  -0.2868   0.3116  -0.4561   1.00    1.2
2017/06/14 08:13:33.200   59.350937490   18.067225271    54.5990   2   5   0.4299   0.2449   0.6432  -0.2858   0.3107  -0.4548   0.20    1.6
2017/06/14 08:13:33.400   59.350938030   18.067224783    54.6598   2   5   0.4284   0.2441   0.6410  -0.2848   0.3099  -0.4536   0.40    1.9
2017/06/14 08:13:33.600   59.350938751   18.067224276    54.7123   2   5   0.4270   0.2433   0.6388  -0.2838   0.3090  -0.4524   0.60    2.3
2017/06/14 08:13:33.800   59.350939354   18.067223502    54.7593   2   5   0.4255   0.2425   0.6366  -0.2828   0.3082  -0.4512   0.80    2.4
2017/06/14 08:13:34.000   59.350939870   18.067223196    54.8088   2   5   0.4241   0.2417   0.6344  -0.2819   0.3074  -0.4500   1.00    1.8
2017/06/14 08:13:34.200   59.350940443   18.067222566    54.8730   2   5   0.4226   0.2409   0.6322  -0.2809   0.3065  -0.4488   0.20    1.2
2017/06/14 08:13:34.400   59.350940837   18.067222318    54.9311   2   5   0.4212   0.2402   0.6301  -0.2800   0.3057  -0.4477   0.40    1.1
2017/06/14 08:13:34.600   59.350941302   18.067221923    54.9692   2   5   0.4198   0.2394   0.6279  -0.2790   0.3049  -0.4465   0.60    1.1
2017/06/14 08:13:34.800   59.350941612   18.067221253    55.0297   2   5   0.4184   0.2386   0.6258  -0.2781   0.3041  -0.4454   0.80    1.1
2017/06/14 08:13:35.000   59.350941763   18.067220675    55.0896   2   5   0.4171   0.2379   0.6238  -0.2772   0.3033  -0.4443   1.00    1.3
2017/06/14 08:13:35.200   59.350941996   18.067220067    55.1184   2   5   0.4157   0.2371   0.6217  -0.2763   0.3025  -0.4431   1.20    1.5
2017/06/14 08:13:35.400   59.350942079   18.067219546    55.1418   2   5   0.4143   0.2364   0.6196  -0.2754   0.3018  -0.4420   0.40    1.7
2017/06/14 08:13:35.600   59.350942224   18.067219267    55.1436   2   5   0.4130   0.2357   0.6176  -0.2745   0.3010  -0.4409   0.60    1.9
2017/06/14 08:13:35.800   59.350942262   18.067218960    55.1213   2   5   0.4117   0.2349   0.6156  -0.2736   0.3002  -0.4398   0.80    2.0
2017/06/14 08:13:36.000   59.350942518   18.067218366    55.1263   2   5   0.4103   0.2342   0.6136  -0.2727   0.2995  -0.4387   1.00    2.3
2017/06/14 08:13:36.200   59.350942724   18.067217668    55.1087   2   4   0.4096   0.2343   0.6133  -0.2726   0.3001  -0.4386   0.20    2.0
2017/06/14 08:13:36.400   59.350942888   18.067217189    55.1082   2   4   0.4088   0.2341   0.6126  -0.2723   0.3000  -0.4380   0.40    2.1
2017/06/14 08:13:36.600   59.350942945   18.067217038    55.1143   2   4   0.4081   0.2339   0.6114  -0.2721   0.2998  -0.4373   0.60    2.2
2017/06/14 08:13:36.800   59.350942955   18.067217039    55.1406   2   4   0.4076   0.2338   0.6102  -0.2720   0.2995  -0.4365   0.80    2.1
2017/06/14 08:13:37.200   59.350943285   18.067217022    55.0579   2   4   0.4066   0.2338   0.6081  -0.2719   0.2993  -0.4353   1.20    1.8
2017/06/14 08:13:37.400   59.350943053   18.067218164    55.1026   2   4   0.4058   0.2335   0.6068  -0.2715   0.2988  -0.4343   0.40    1.7
2017/06/14 08:13:37.600   59.350943569   18.067218110    55.1082   2   4   0.4052   0.2334   0.6057  -0.2713   0.2986  -0.4336   0.60    1.5
2017/06/14 08:13:37.800   59.350948995   18.067214009    54.3417   1   5   0.0185   0.0103   0.0275  -0.0122   0.0121  -0.0179   0.80    3.1
2017/06/14 08:13:38.000   59.350948860   18.067214087    54.3763   1   5   0.0183   0.0103   0.0273  -0.0120   0.0119  -0.0176   1.00    3.4
2017/06/14 08:13:38.200   59.350948896   18.067214028    54.4100   1   5   0.0180   0.0101   0.0268  -0.0118   0.0117  -0.0172   0.20    3.9
2017/06/14 08:13:38.400   59.350949072   18.067213984    54.3971   1   5   0.0180   0.0101   0.0268  -0.0118   0.0116  -0.0172   0.40    3.8
2017/06/14 08:13:38.600   59.350945502   18.067217618    55.2745   1   4   0.0415   0.0114   0.0540  -0.0183   0.0195  -0.0452   0.60    9.2
2017/06/14 08:13:38.800   59.350949027   18.067214059    54.3951   1   5   0.0186   0.0103   0.0278  -0.0122   0.0122  -0.0181   0.80    3.4
2017/06/14 08:13:39.000   59.350949093   18.067214019    54.3864   1   5   0.0183   0.0102   0.0273  -0.0120   0.0118  -0.0175   1.00    3.0
2017/06/14 08:13:39.200   59.350949060   18.067213990    54.3946   1   5   0.0180   0.0101   0.0268  -0.0118   0.0117  -0.0172   0.20    3.1
2017/06/14 08:13:39.400   59.350949080   18.067213910    54.3851   1   5   0.0180   0.0101   0.0268  -0.0118   0.0116  -0.0172   0.40    3.0
2017/06/14 08:13:39.600   59.350945079   18.067218030    55.3659   2   5   0.3933   0.2263   0.5862  -0.2629   0.2908  -0.4240   0.60    3.0
2017/06/14 08:13:39.800   59.350949191   18.067213908    54.3662   1   5   0.0181   0.0102   0.0270  -0.0119   0.0117  -0.0173   0.80    3.1
2017/06/14 08:13:40.000   59.350945227   18.067217621    55.2972   1   4   0.0417   0.0115   0.0544  -0.0184   0.0196  -0.0455   1.00   87.1
2017/06/14 08:13:40.200   59.350948657   18.067214184    54.4216   1   5   0.0184   0.0102   0.0274  -0.0120   0.0121  -0.0179   0.20    3.1
2017/06/14 08:13:40.400   59.350944368   18.067218225    55.4017   2   5   0.3892   0.2237   0.5798  -0.2599   0.2883  -0.4210   0.40    2.9
2017/06/14 08:13:40.600   59.350944989   18.067216489    55.3002   1   4   0.0419   0.0114   0.0545  -0.0185   0.0197  -0.0457   0.60   18.2
2017/06/14 08:13:40.800   59.350943836   18.067218615    55.5779   2   5   0.3874   0.2225   0.5772  -0.2585   0.2872  -0.4198   0.80    2.0
2017/06/14 08:13:41.000   59.350942681   18.067220749    55.4651   2   5   0.3863   0.2218   0.5754  -0.2578   0.2865  -0.4189   1.00    2.6
2017/06/14 08:13:41.200   59.350942033   18.067223028    55.4696   2   5   0.3852   0.2212   0.5737  -0.2570   0.2859  -0.4180   1.20    2.0
2017/06/14 08:13:41.400   59.350941211   18.067226006    55.4211   2   4   0.3847   0.2213   0.5723  -0.2570   0.2855  -0.4172   0.40    1.4
2017/06/14 08:13:41.600   59.350940735   18.067226624    55.4024   5   3   0.3842   0.2217   0.5748  -0.2562   0.2868  -0.4151   0.60    0.0
2017/06/14 08:13:41.800   59.350940719   18.067227462    55.4041   2   4   0.3832   0.2208   0.5699  -0.2562   0.2846  -0.4153   0.80    1.9
2017/06/14 08:13:42.000   59.350941136   18.067228708    55.4838   2   4   0.3824   0.2205   0.5688  -0.2558   0.2841  -0.4143   1.00    2.1
2017/06/14 08:13:42.200   59.350940967   18.067230523    55.5125   2   4   0.3816   0.2203   0.5676  -0.2554   0.2836  -0.4134   1.20    2.3
2017/06/14 08:13:42.400   59.350940921   18.067230125    55.5807   2   4   0.3808   0.2200   0.5664  -0.2550   0.2831  -0.4125   0.40    2.5
2017/06/14 08:13:42.600   59.350940909   18.067230363    55.5972   2   4   0.3800   0.2197   0.5653  -0.2546   0.2827  -0.4116   0.60    2.6
2017/06/14 08:13:42.800   59.350940635   18.067231356    55.5412   2   4   0.3793   0.2194   0.5642  -0.2542   0.2822  -0.4106   0.80    2.7
2017/06/14 08:13:43.600   59.350940990   18.067230185    55.5453   5   3   0.3830   0.2345   0.6753  -0.2411   0.3329  -0.3746   0.60    0.0
2017/06/14 08:13:43.800   59.350940804   18.067231314    55.4945   5   3   0.3918   0.2592   0.8333  -0.2200   0.4061  -0.3123   0.80    0.0
2017/06/14 08:13:44.600   59.350939889   18.067231721    55.2594   2   4   0.5470   0.5498   2.3075   0.3731   1.0995   0.8565   0.60    0.0
2017/06/14 08:13:44.800   59.350941004   18.067233588    55.8294   2   4   0.3934   0.2676   0.8967  -0.2064   0.4336  -0.2682   0.80    0.0
2017/06/14 08:13:45.000   59.350941586   18.067235262    56.1278   2   5   0.3898   0.2603   0.8527  -0.2124   0.4136  -0.2898   1.00    0.0
2017/06/14 08:13:45.200   59.350941236   18.067233706    55.7335   2   5   0.3860   0.2512   0.8008  -0.2192   0.3890  -0.3118   1.20    0.0
2017/06/14 08:13:45.400   59.350941465   18.067233107    55.6700   2   5   0.3842   0.2486   0.7880  -0.2204   0.3827  -0.3162   0.40    0.0
2017/06/14 08:13:45.600   59.350941593   18.067232334    55.6254   2   4   0.3843   0.2484   0.7840  -0.2220   0.3809  -0.3182   0.60    0.0
2017/06/14 08:13:45.800   59.350941546   18.067232101    55.5922   2   4   0.3838   0.2480   0.7802  -0.2230   0.3795  -0.3202   0.80    0.0
2017/06/14 08:13:46.000   59.350941264   18.067231857    55.5589   2   4   0.3830   0.2474   0.7761  -0.2236   0.3778  -0.3216   1.00    0.0
2017/06/14 08:13:46.200   59.350941108   18.067231917    55.5513   2   4   0.3821   0.2467   0.7720  -0.2239   0.3760  -0.3228   0.20    0.0
2017/06/14 08:13:46.400   59.350940926   18.067232040    55.5834   2   4   0.3813   0.2461   0.7679  -0.2243   0.3743  -0.3238   0.40    0.0
2017/06/14 08:13:46.800   59.350940592   18.067231715    55.6711   2   5   0.3784   0.2437   0.7615  -0.2234   0.3705  -0.3247   0.80    0.0
2017/06/14 08:13:47.000   59.350940636   18.067232420    55.6890   2   4   0.3784   0.2437   0.7580  -0.2247   0.3693  -0.3263   1.00    0.0
2017/06/14 08:13:47.600   59.350938839   18.067239911    55.8807   2   4   0.3764   0.2415   0.7502  -0.2239   0.3651  -0.3246   0.60    0.0
2017/06/14 08:13:47.800   59.350938571   18.067242685    55.9943   2   4   0.3757   0.2406   0.7476  -0.2234   0.3634  -0.3234   0.80    0.0
2017/06/14 08:13:48.600   59.350939365   18.067254506    55.7176   5   3   0.4786   0.2427   0.7745  -0.2527   0.3738  -0.4136   0.60    0.0
2017/06/14 08:13:49.000   59.350943225   18.067261989    55.7549   5   3   0.8437   0.2684   0.9419  -0.3804   0.4489  -0.7384   1.00    0.0
2017/06/14 08:13:49.200   59.350945129   18.067266288    55.6651   5   3   1.1465   0.2977   1.1164  -0.4958   0.5281  -1.0062   1.20    0.0
2017/06/14 08:13:49.400   59.350945416   18.067271547    55.7455   2   4   1.4636   0.3351   1.3211  -0.6205   0.6226  -1.2848   0.40    0.0
2017/06/14 08:13:49.600   59.350939222   18.067278012    56.3836   2   4   0.5754   0.2461   0.8091  -0.2846   0.3879  -0.4996   0.60    0.0
2017/06/14 08:13:49.800   59.350937341   18.067282949    56.4836   2   4   0.5528   0.2437   0.7975  -0.2767   0.3821  -0.4798   0.80    0.0
2017/06/14 08:13:50.000   59.350937571   18.067287877    56.3968   2   4   0.5261   0.2412   0.7836  -0.2673   0.3754  -0.4550   1.00    0.0
2017/06/14 08:13:50.200   59.350936731   18.067292966    56.4816   2   4   0.5188   0.2400   0.7780  -0.2648   0.3726  -0.4475   1.20    0.0
2017/06/14 08:13:50.400   59.350936485   18.067298568    56.4123   2   4   0.5173   0.2392   0.7754  -0.2643   0.3712  -0.4459   0.40    0.0
2017/06/14 08:13:50.600   59.350937325   18.067303075    56.3528   5   3   0.5225   0.2387   0.7755  -0.2656   0.3708  -0.4501   0.60    0.0
2017/06/14 08:13:51.000   59.350935342   18.067313423    56.4574   5   3   0.5504   0.2592   0.7709  -0.2997   0.3745  -0.4530   1.00    0.0
2017/06/14 08:13:51.400   59.350934174   18.067322285    56.5340   5   3   0.7706   0.3882   0.7761  -0.4966   0.4167  -0.5175   0.40    0.0
2017/06/14 08:13:51.800   59.350933882   18.067328872    56.4251   5   3   1.3141   0.6936   0.8081  -0.9270   0.5569  -0.7233   0.80    0.0
2017/06/14 08:13:52.000   59.350932829   18.067331001    56.3629   5   2   1.7276   0.9194   0.8492  -1.2396   0.6769  -0.8935   1.00    0.0
2017/06/14 08:13:52.400   59.350930841   18.067333611    56.2506   5   2   2.8352   1.5195   1.0051  -2.0616   1.0296  -1.3701   0.40    0.0
2017/06/14 08:13:52.600   59.350930069   18.067335051    56.1642   5   2   3.5349   1.8972   1.1606  -2.5759   1.2650  -1.6737   0.60    0.0
2017/06/14 08:13:52.800   59.350928853   18.067335927    56.1334   5   2   4.3365   2.3293   1.3898  -3.1624   1.5430  -2.0180   0.80    0.0
2017/06/14 08:13:53.000   59.350927943   18.067336127    56.0042   5   2   5.2439   2.8183   1.7060  -3.8236   1.8661  -2.4009   1.00    0.0
2017/06/14 08:13:53.200   59.350916257   18.067348960    56.1439   5   3   4.2411   2.2896   1.8771  -3.0736   1.6082  -1.8558   0.20    0.0
2017/06/14 08:13:53.400   59.350913335   18.067352774    56.0944   5   3   1.6780   1.0258   2.1867  -1.1396   1.2124  -0.4966   0.40    0.0
2017/06/14 08:13:53.800   59.350904455   18.067363542    56.0939   5   2   1.4920   1.1221   3.4393  -0.7948   1.7402   1.0648   0.80    0.0
2017/06/14 08:13:54.000   59.350905977   18.067363203    55.8271   5   2   1.4838   1.2471   4.2369  -0.5151   2.1021   1.5020   1.00    0.0
2017/06/14 08:13:54.200   59.350907612   18.067361359    55.5554   5   3   1.3419   1.1280   3.4868  -0.6595   1.7832   0.9356   0.20    0.0
2017/06/14 08:13:54.400   59.350905896   18.067363536    55.2074   2   4   1.2702   0.7673   2.2411  -0.8768   0.9989  -0.8841   0.40    0.0
2017/06/14 08:13:54.600   59.350904379   18.067367626    55.3595   2   4   1.2179   0.7119   1.4909  -0.8429   0.8030  -0.6784   0.60    0.0
2017/06/14 08:13:54.800   59.350903051   18.067367475    55.1935   2   4   1.1855   0.6901   1.4074  -0.8225   0.7681  -0.6643   0.80    0.0
2017/06/14 08:13:55.000   59.350900013   18.067371236    55.2612   2   4   1.1575   0.6739   1.3639  -0.8040   0.7491  -0.6618   1.00    0.0
2017/06/14 08:13:55.200   59.350897114   18.067374781    55.2296   5   3   1.1474   0.6590   1.3285  -0.7883   0.7270  -0.6311   0.20    0.0
2017/06/14 08:13:55.400   59.350894664   18.067378271    55.3941   5   3   1.1528   0.6453   1.2963  -0.7758   0.7067  -0.6070   0.40    0.0
2017/06/14 08:13:55.800   59.350886309   18.067386619    55.6094   5   3   1.2915   0.6263   1.2867  -0.7850   0.6922  -0.7222   0.80    0.0
2017/06/14 08:13:56.000   59.350882151   18.067390243    55.8882   5   3   1.4768   0.6253   1.3501  -0.8253   0.7152  -0.9200   1.00    0.0
2017/06/14 08:13:56.800   59.350858762   18.067409715    56.9139   5   3   3.2467   0.7562   2.4673  -1.4169   1.2037  -2.6273   0.80    0.0
2017/06/14 08:13:57.000   59.350852476   18.067414204    57.2172   5   3   3.9475   0.8382   2.9783  -1.6847   1.4369  -3.2660   1.00    0.0
2017/06/14 08:13:57.600   59.350835439   18.067425142    58.8997   5   2   6.6764   1.2232   5.0346  -2.7717   2.3867  -5.7014   0.60    0.0
2017/06/14 08:13:59.000   59.350755967   18.067472199    67.1379   5   3   4.9261   0.9715   4.1417  -2.0285   1.8732  -4.1152   1.00    0.0
2017/06/14 08:13:59.200   59.350744994   18.067480700    68.4526   5   2   5.5171   1.0720   4.6732  -2.2396   2.1184  -4.5818   0.20    0.0
2017/06/14 08:13:59.400   59.350726562   18.067482294    67.9638   5   2   6.1620   1.1317   4.9790  -2.5430   2.2478  -5.2432   0.40    0.0
2017/06/14 08:13:59.600   59.350710506   18.067488312    68.4236   5   2   6.9239   1.2477   5.5373  -2.8593   2.5016  -5.9246   0.60    0.0
2017/06/14 08:13:59.800   59.350695132   18.067496211    69.4937   5   2   7.7995   1.3865   6.2355  -3.2196   2.7951  -6.6693   0.80    0.0
2017/06/14 08:14:00.200   59.350751400   18.067482252    65.6083   5   3   7.0657   1.2817   6.7933  -2.9370   2.6959  -6.4773   0.20    0.0
2017/06/14 08:14:00.400   59.350767050   18.067480267    65.0354   5   3   6.0552   1.0760   7.3421  -2.4673   2.6191  -6.4138   0.40    0.0
2017/06/14 08:14:00.600   59.350786890   18.067477937    62.9503   5   3   5.9439   1.0436   7.9531  -2.4027   2.6748  -6.6417   0.60    0.0
2017/06/14 08:14:01.400   59.350772087   18.067493447    63.3508   5   3   7.8631   1.2171  12.6639  -3.0109   3.7306  -9.8368   0.40    0.0
2017/06/14 08:14:01.600   59.350767178   18.067498292    64.2880   5   3   7.3994   1.1399  11.7236  -2.8129   3.4523  -9.1797   0.60    0.0
2017/06/14 08:14:01.800   59.350755090   18.067502689    66.3064   5   3   4.1853   0.8058   5.3462  -1.7361   1.8812  -4.5383   0.80    0.0
2017/06/14 08:14:02.200   59.350782179   18.067499342    61.4543   5   3   2.6061   0.5962   3.3032  -1.1097   1.1350  -2.6293   0.20    0.0
2017/06/14 08:14:03.000   59.350778456   18.067515079    60.9546   5   5   2.5019   0.6730   3.1619  -1.0902   1.1165  -2.5459   1.00    0.0
2017/06/14 08:14:03.400   59.350771923   18.067525048    60.7711   5   4   2.5794   1.0474   3.2518  -1.1551   1.1486  -2.6595   0.40    0.0
2017/06/14 08:14:04.000   59.350761259   18.067542075    60.4871   5   6   3.2607   2.3987   4.1022  -1.5346   1.3560  -3.3904   1.00    0.0
2017/06/14 08:14:04.200   59.350756970   18.067548402    60.3577   5   5   3.7093   3.0651   4.6630  -1.7507   1.4822  -3.8346   0.20    0.0
2017/06/14 08:14:05.600   59.350781013   18.067542165    50.5487   5   3   2.5967   2.6224   8.5943  -1.1143   4.3835   0.8531   0.60    0.0
2017/06/14 08:14:05.800   59.350777262   18.067545263    50.2232   5   3   2.5003   2.6769   9.6343   0.6435   4.7903   2.5066   0.80    0.0
2017/06/14 08:14:06.000   59.350772623   18.067542822    49.9944   5   3   2.5360   2.8631  10.9308   1.3907   5.3643   3.4839   1.00    0.0
2017/06/14 08:14:06.200   59.350774493   18.067523316    48.1203   5   3   2.6660   3.1409  12.4342   1.8810   6.0619   4.3395   0.20    0.0
2017/06/14 08:14:06.400   59.350819255   18.067616793    72.8856   2   4   1.9017   1.5681   4.8550  -1.0651   2.4130  -1.0954   0.40    0.0
2017/06/14 08:14:06.800   59.350806218   18.067589777    65.4827   2   5   1.7048   1.1955   3.1687  -1.0977   1.5793  -1.4428   0.80    0.0
2017/06/14 08:14:07.000   59.350804154   18.067591240    65.6556   5   3   1.6512   1.1598   3.0722  -1.0615   1.5371  -1.3791   1.00    0.0
2017/06/14 08:14:07.400   59.350793699   18.067589637    64.0809   5   3   1.5652   1.1003   2.6978  -1.0519   1.3979  -1.3795   0.40    0.0
2017/06/14 08:14:07.600   59.350789156   18.067595381    64.4031   5   3   1.5225   1.0757   2.6665  -1.0187   1.3817  -1.3245   0.60    0.0
2017/06/14 08:14:07.800   59.350782888   18.067604202    65.0486   5   3   1.4849   1.0547   2.6506  -0.9871   1.3712  -1.2679   0.80    0.0
2017/06/14 08:14:08.000   59.350782920   18.067606559    65.0317   5   2   1.4516   1.0483   2.6620  -0.9567   1.3652  -1.2053   1.00    0.0
2017/06/14 08:14:08.200   59.350781762   18.067608603    65.0580   5   2   1.4234   1.0558   2.7142  -0.9250   1.3769  -1.1280   0.20    0.0
2017/06/14 08:14:08.400   59.350780968   18.067592441    63.0738   5   3   1.4016   1.0181   2.7229  -0.8824   1.3010  -1.0038   0.40    0.0
2017/06/14 08:14:08.600   59.350777112   18.067593870    63.2280   5   2   1.3907   1.1080   2.9173  -0.8511   1.3572  -0.8310   0.60    0.0
2017/06/14 08:14:08.800   59.350775634   18.067593501    62.5792   5   3   1.3909   0.9120   3.0546  -0.8629   1.1014  -0.5373   0.80    0.0
2017/06/14 08:14:09.000   59.350773962   18.067589019    61.6873   5   3   1.4056   0.8750   3.3370  -0.8662   0.9328   0.5187   1.00    0.0
2017/06/14 08:14:09.200   59.350773338   18.067592009    61.7875   5   2   1.4464   0.8804   3.8260  -0.8847   0.7575   1.0609   0.20    0.0
2017/06/14 08:14:09.400   59.350771401   18.067595389    61.7849   5   2   1.5148   0.9020   4.4504  -0.9218   0.3768   1.5315   0.40    0.0
2017/06/14 08:14:09.800   59.350767011   18.067601899    61.5867   5   3   1.3982   0.8612   3.9782  -0.6844   1.2915   1.2158   0.80    0.0
2017/06/14 08:14:10.000   59.350766086   18.067605472    61.6319   5   2   1.4351   0.9173   4.4801  -0.5355   1.5704   1.5263   1.00    0.0
2017/06/14 08:14:10.600   59.350764934   18.067616770    61.3933   5   2   1.6326   1.5960   6.5778   0.9367   2.9498   2.5626   0.60    0.0
2017/06/14 08:14:11.000   59.350765941   18.067624182    61.0833   5   2   1.8618   2.5950   8.5248   1.5286   4.2451   3.4117   1.00    0.0
2017/06/14 08:14:11.200   59.350766331   18.067608759    60.1358   5   3   2.0132   2.9299   9.6224   1.7965   4.8429   3.8920   1.20    0.0
2017/06/14 08:14:11.400   59.350771030   18.067626220    62.4270   5   3   2.1579   2.2817  10.2891   1.8399   4.6835   4.2701   0.40    0.0
2017/06/14 08:14:11.600   59.350773933   18.067628913    63.2534   5   3   2.3565   2.5260  11.5426   2.1187   5.2734   4.8269   0.60    0.0
2017/06/14 08:14:11.800   59.350775597   18.067632332    63.5289   5   3   2.5937   2.8558  13.0135   2.4456   5.9919   5.4695   0.80    0.0
2017/06/14 08:14:12.000   59.350779390   18.067637130    64.3790   5   3   2.8615   3.2243  14.6354   2.7986   6.7818   6.1731   1.00    0.0
2017/06/14 08:14:12.200   59.350782408   18.067640893    64.8700   5   3   3.1592   3.6259  16.4016   3.1768   7.6376   6.9362   1.20    0.0
2017/06/14 08:14:12.400   59.350781882   18.067646197    63.9723   5   3   3.4864   4.0606  18.3148   3.5814   8.5608   7.7603   0.40    0.0
2017/06/14 08:14:12.600   59.350783408   18.067650609    64.0022   5   3   3.8436   4.5296  20.3780   4.0138   9.5536   8.6468   0.60    0.0
2017/06/14 08:14:12.800   59.350784958   18.067654516    63.8506   5   3   4.2310   5.0332  22.5939   4.4750  10.6175   9.5973   0.80    0.0
2017/06/14 08:14:13.200   59.350792051   18.067666159    65.3741   5   3   5.0971   6.1462  27.4956   5.4876  12.9646  11.6961   0.20    0.0
2017/06/14 08:14:13.400   59.350795361   18.067673064    66.2866   5   3   5.5765   6.7570  30.1874   6.0408  14.2512  12.8474   0.40    0.0
2017/06/14 08:14:14.600   59.350793765   18.067670572    59.5248   2   4   1.5011   1.4653   6.3736   1.0975   2.9325   2.6370   0.60    0.0
2017/06/14 08:14:14.800   59.350794777   18.067671974    59.0282   5   3   1.5759   1.5918   6.9218   1.2344   3.2095   2.8815   0.80    0.0
2017/06/14 08:14:15.000   59.350801974   18.067688209    62.5620   2   4   1.2553   1.0700   4.6070   0.6488   2.0581   1.8528   1.00    0.0
2017/06/14 08:14:15.200   59.350802965   18.067692114    62.4482   5   3   1.2443   1.0614   4.5685   0.6447   2.0431   1.8371   0.20    0.0
2017/06/14 08:14:15.400   59.350799953   18.067686562    59.6488   2   4   1.1506   0.9024   3.8241   0.4113   1.6720   1.4964   0.40    0.0
2017/06/14 08:14:15.800   59.350799954   18.067701089    59.3406   5   3   1.1393   0.9003   3.8177   0.4274   1.6776   1.4986   0.80    0.0
2017/06/14 08:14:16.000   59.350800006   18.067705943    59.2061   5   3   1.1340   0.9019   3.8281   0.4413   1.6871   1.5059   1.00    0.0
2017/06/14 08:14:16.200   59.350802271   18.067712475    59.8154   2   4   1.0832   0.8126   3.4060   0.2824   1.4756   1.3132   0.20    0.0
2017/06/14 08:14:16.400   59.350802428   18.067715581    59.1564   2   4   1.0488   0.7526   3.1196   0.1094   1.3314   1.1808   0.40    0.0
2017/06/14 08:14:16.600   59.350804985   18.067724006    60.0085   2   4   1.0224   0.7072   2.9020  -0.1837   1.2212   1.0792   0.60    0.0
2017/06/14 08:14:16.800   59.350804808   18.067729892    60.0688   2   4   1.0010   0.6714   2.7294  -0.2574   1.1336   0.9977   0.80    0.0
2017/06/14 08:14:17.000   59.350805252   18.067733765    59.6778   2   4   0.9830   0.6422   2.5882  -0.3002   1.0618   0.9305   1.00    0.0
2017/06/14 08:14:17.200   59.350805281   18.067736802    59.1454   2   4   0.9673   0.6178   2.4697  -0.3288   1.0015   0.8737   0.20    0.0
2017/06/14 08:14:17.400   59.350805588   18.067740641    58.7625   5   3   0.9610   0.5975   2.3697  -0.3463   0.9512   0.8269   0.40    0.0
2017/06/14 08:14:17.600   59.350806368   18.067747805    59.0892   2   4   0.9460   0.5792   2.2810  -0.3612   0.9061   0.7852   0.60    0.0
2017/06/14 08:14:17.800   59.350806014   18.067754197    59.1306   2   4   0.9342   0.5631   2.2035  -0.3732   0.8668   0.7469   0.80    0.0
2017/06/14 08:14:18.000   59.350806649   18.067758998    58.9331   5   3   0.9286   0.5617   2.1996  -0.3669   0.8692   0.7483   1.00    0.0
2017/06/14 08:14:18.200   59.350805796   18.067764127    58.6684   5   3   0.9235   0.5643   2.2014  -0.3593   0.8755   0.7526   1.20    0.0
2017/06/14 08:14:18.400   59.350805771   18.067767407    58.3775   5   3   0.9198   0.5652   2.2194  -0.3475   0.8894   0.7654   0.40    0.0
2017/06/14 08:14:18.600   59.350805838   18.067772224    57.9647   5   3   0.9189   0.5745   2.2696  -0.3265   0.9214   0.7947   0.60    0.0
2017/06/14 08:14:18.800   59.350810321   18.067781284    59.5944   2   5   0.8761   0.5617   2.0987  -0.3645   0.8682   0.6407   0.80    0.0
2017/06/14 08:14:19.000   59.350811495   18.067789679    60.2110   2   5   0.8437   0.5211   1.8612  -0.4063   0.7522   0.4662   1.00    0.0
2017/06/14 08:14:19.200   59.350810853   18.067793483    59.4732   2   5   0.8230   0.5081   1.7614  -0.4176   0.7132   0.3614   1.20    0.0
2017/06/14 08:14:19.400   59.350811611   18.067798139    59.5289   2   5   0.8056   0.4971   1.6806  -0.4247   0.6818   0.2560   0.40    0.0
2017/06/14 08:14:19.600   59.350812517   18.067803335    59.3363   2   5   0.7905   0.4876   1.6135  -0.4293   0.6560   0.1232   0.60    0.0
2017/06/14 08:14:19.800   59.350813348   18.067809056    59.1918   2   5   0.7772   0.4792   1.5562  -0.4321   0.6340  -0.1574   0.80    0.0
2017/06/14 08:14:20.000   59.350813950   18.067814484    59.2554   2   5   0.7653   0.4715   1.5064  -0.4337   0.6150  -0.2388   1.00    0.0
2017/06/14 08:14:20.200   59.350814707   18.067819238    59.0169   2   4   0.7546   0.4683   1.4709  -0.4348   0.6059  -0.2896   0.20    0.0
2017/06/14 08:14:20.400   59.350815795   18.067824555    58.9844   2   4   0.7448   0.4651   1.4387  -0.4354   0.5976  -0.3266   0.40    0.0
2017/06/14 08:14:20.600   59.350817391   18.067828690    58.8890   2   4   0.7357   0.4621   1.4095  -0.4356   0.5900  -0.3552   0.60    0.0
2017/06/14 08:14:20.800   59.350818647   18.067833996    58.8668   2   4   0.7272   0.4591   1.3826  -0.4356   0.5831  -0.3781   0.80    0.0
2017/06/14 08:14:21.000   59.350819987   18.067838461    58.8021   2   4   0.7193   0.4563   1.3579  -0.4353   0.5766  -0.3969   1.00    0.0
2017/06/14 08:14:21.200   59.350821068   18.067842860    58.7762   2   4   0.7119   0.4535   1.3349  -0.4349   0.5705  -0.4124   1.20    0.0
2017/06/14 08:14:21.400   59.350822611   18.067846645    58.5832   2   4   0.7049   0.4508   1.3135  -0.4343   0.5648  -0.4255   0.40    0.0
2017/06/14 08:14:21.600   59.350822933   18.067851669    58.5270   2   4   0.6983   0.4482   1.2935  -0.4337   0.5595  -0.4366   0.60    0.0
2017/06/14 08:14:21.800   59.350823876   18.067856082    58.2964   2   4   0.6920   0.4457   1.2748  -0.4329   0.5544  -0.4462   0.80    0.0
2017/06/14 08:14:22.000   59.350825543   18.067860732    58.1543   2   4   0.6860   0.4432   1.2571  -0.4320   0.5496  -0.4543   1.00    0.0
2017/06/14 08:14:22.200   59.350826406   18.067865363    58.2055   2   4   0.6803   0.4408   1.2404  -0.4310   0.5451  -0.4614   0.20    0.0
2017/06/14 08:14:22.400   59.350827695   18.067869721    57.9789   2   4   0.6748   0.4384   1.2247  -0.4300   0.5407  -0.4675   0.40    0.0
2017/06/14 08:14:22.600   59.350828921   18.067874490    57.9085   2   4   0.6696   0.4361   1.2097  -0.4290   0.5365  -0.4728   0.60    0.0
2017/06/14 08:14:22.800   59.350829683   18.067878544    57.8932   2   4   0.6645   0.4338   1.1955  -0.4279   0.5325  -0.4774   0.80    0.0
2017/06/14 08:14:23.000   59.350830716   18.067883552    57.8125   2   4   0.6596   0.4316   1.1819  -0.4267   0.5287  -0.4814   1.00    0.0
2017/06/14 08:14:23.200   59.350832146   18.067888306    57.7175   2   4   0.6549   0.4294   1.1690  -0.4255   0.5250  -0.4848   0.20    0.0
2017/06/14 08:14:23.600   59.350835728   18.067895860    57.5762   2   4   0.6474   0.4272   1.1463  -0.4252   0.5204  -0.4930   0.60    0.0
2017/06/14 08:14:23.800   59.350837275   18.067899837    57.5441   2   4   0.6431   0.4251   1.1349  -0.4239   0.5170  -0.4951   0.80    0.0
2017/06/14 08:14:24.000   59.350838897   18.067904097    57.4713   2   4   0.6389   0.4231   1.1239  -0.4226   0.5137  -0.4970   1.00    0.0
2017/06/14 08:14:24.200   59.350840620   18.067908703    57.5018   2   4   0.6367   0.4231   1.1148  -0.4237   0.5129  -0.5014   0.20    0.0
2017/06/14 08:14:24.400   59.350842695   18.067911249    57.5700   5   3   0.6335   0.4215   1.1145  -0.4206   0.5133  -0.4966   0.40    0.0
2017/06/14 08:14:24.600   59.350845811   18.067914101    57.6376   5   3   0.6309   0.4221   1.1265  -0.4168   0.5204  -0.4881   0.60    0.0
2017/06/14 08:14:24.800   59.350848437   18.067917614    57.7215   5   3   0.6302   0.4269   1.1668  -0.4098   0.5414  -0.4672   0.80    0.0
2017/06/14 08:14:26.800   59.350875325   18.067955455    59.2645   5   3   1.3960   1.6065   6.9655   1.3405   3.3089   2.9060   0.80    0.0
2017/06/14 08:14:27.000   59.350877616   18.067960931    59.5770   5   2   1.6053   1.8804   8.1998   1.6042   3.8950   3.4475   1.00    0.0
2017/06/14 08:14:27.200   59.350879544   18.067965053    59.9007   5   3   1.8416   2.1829   9.5633   1.8918   4.5426   4.0420   0.20    0.0
2017/06/14 08:14:27.400   59.350882182   18.067969584    60.2041   5   3   2.1050   2.5167  11.0596   2.2045   5.2532   4.6917   0.40    0.0
2017/06/14 08:14:27.600   59.350885430   18.067972909    60.5209   5   3   2.3956   2.8819  12.6921   2.5434   6.0284   5.3986   0.60    0.0
2017/06/14 08:14:27.800   59.350889081   18.067976701    60.8245   5   3   2.7138   3.2790  14.4643   2.9098   6.8698   6.1644   0.80    0.0
2017/06/14 08:14:28.000   59.350892377   18.067978269    60.6053   2   4   0.9435   1.0142   4.2260   0.7321   2.0154   1.6768   1.00    0.0
2017/06/14 08:14:28.200   59.350892202   18.067975364    59.2900   2   4   0.7344   0.7000   2.7185   0.3234   1.2997   0.9515   0.20    0.0
2017/06/14 08:14:28.400   59.350894875   18.067976518    59.1080   2   5   0.6778   0.5922   2.1982   0.0661   1.0466   0.6833   0.40    0.0
2017/06/14 08:14:28.600   59.350895031   18.067973790    57.6589   2   5   0.6531   0.5458   1.9676  -0.1797   0.9344   0.5498   0.60    0.0
2017/06/14 08:14:28.800   59.350897714   18.067975251    57.8262   2   4   0.6482   0.5284   1.9016  -0.1988   0.8977   0.5223   0.80    0.0
2017/06/14 08:14:29.400   59.350905811   18.067978413    57.5460   5   2   0.6457   0.5085   1.8482  -0.2294   0.8518   0.5019   0.40    0.0
2017/06/14 08:14:29.600   59.350907975   18.067979664    57.2250   5   2   0.6675   0.5105   1.8611  -0.2723   0.8324   0.5108   0.60    0.0
2017/06/14 08:14:29.800   59.350909311   18.067979145    56.5583   5   2   0.7332   0.5296   1.9190  -0.3580   0.8080   0.5469   0.80    0.0

