2017/06/19 12:08:43.000   59.350116043   18.067322916    67.8976   1   5   0.0133   0.0079   0.0223  -0.0032   0.0087   0.0095   1.00    3.9

2017/06/19 12:08:43.200   59.350116034   18.067322969    67.8955   1   5   0.0131   0.0077   0.0219  -0.0031   0.0085   0.0093   0.20    4.9

2017/06/19 12:08:43.400   59.350116036   18.067323011    67.9038   1   5   0.0131   0.0077   0.0219  -0.0032   0.0086   0.0093   0.41    5.7

2017/06/19 12:08:43.600   59.350115957   18.067323048    67.9050   1   5   0.0131   0.0078   0.0220  -0.0032   0.0086   0.0094   0.61    5.9

2017/06/19 12:08:43.800   59.350114215   18.067322596    67.6297   2   4   0.2048   0.1030   0.2697  -0.0848   0.0552   0.1342   0.81    1.0

2017/06/19 12:08:44.000   59.350114304   18.067322531    67.6380   2   4   0.2045   0.1029   0.2696  -0.0846   0.0552   0.1340   1.00    1.0

2017/06/19 12:08:44.200   59.350114301   18.067322640    67.6539   2   4   0.2043   0.1028   0.2694  -0.0845   0.0553   0.1339   1.21    1.1

2017/06/19 12:08:44.400   59.350114410   18.067322575    67.6540   2   4   0.2040   0.1026   0.2692  -0.0844   0.0553   0.1338   0.41    1.1

2017/06/19 12:08:44.600   59.350114436   18.067322584    67.6517   2   4   0.2037   0.1025   0.2691  -0.0842   0.0553   0.1336   0.61    1.1

2017/06/19 12:08:44.800   59.350114412   18.067322703    67.6590   2   4   0.2034   0.1024   0.2689  -0.0841   0.0553   0.1335   0.81    1.2

2017/06/19 12:08:45.000   59.350114436   18.067322722    67.6622   2   4   0.2032   0.1024   0.2688  -0.0840   0.0553   0.1334   1.00    1.2

2017/06/19 12:08:45.200   59.350114442   18.067322825    67.6781   2   4   0.2029   0.1022   0.2686  -0.0838   0.0553   0.1333   0.20    1.2

2017/06/19 12:08:45.400   59.350114515   18.067322820    67.6945   2   4   0.2027   0.1021   0.2684  -0.0837   0.0553   0.1331   0.41    1.3

2017/06/19 12:08:45.600   59.350114451   18.067322950    67.6915   2   4   0.2024   0.1020   0.2683  -0.0836   0.0554   0.1330   0.61    1.3

2017/06/19 12:08:45.800   59.350114564   18.067322883    67.7038   2   4   0.2021   0.1020   0.2681  -0.0834   0.0554   0.1329   0.81    1.4

2017/06/19 12:08:46.000   59.350114594   18.067322854    67.7112   2   4   0.2019   0.1019   0.2680  -0.0833   0.0554   0.1328   1.00    1.4

2017/06/19 12:08:46.200   59.350114547   18.067322826    67.7087   2   4   0.2017   0.1018   0.2679  -0.0832   0.0554   0.1327   1.21    1.5

2017/06/19 12:08:46.400   59.350114588   18.067322901    67.7147   2   4   0.2014   0.1017   0.2678  -0.0830   0.0555   0.1326   1.40    1.6

2017/06/19 12:08:46.600   59.350114717   18.067322952    67.7284   2   4   0.2011   0.1016   0.2675  -0.0829   0.0554   0.1324   0.61    1.6

2017/06/19 12:08:46.800   59.350114784   18.067322993    67.7363   2   4   0.2009   0.1015   0.2674  -0.0828   0.0555   0.1323   0.81    1.7

2017/06/19 12:08:47.000   59.350114791   18.067323015    67.7395   2   4   0.2006   0.1014   0.2672  -0.0826   0.0555   0.1322   1.00    1.8

2017/06/19 12:08:47.200   59.350114723   18.067323097    67.7292   2   4   0.2004   0.1013   0.2670  -0.0825   0.0555   0.1320   0.20    1.9

2017/06/19 12:08:47.400   59.350114906   18.067323047    67.7575   2   4   0.2001   0.1012   0.2669  -0.0824   0.0555   0.1319   0.41    2.0

2017/06/19 12:08:47.600   59.350114907   18.067323076    67.7644   2   4   0.1999   0.1011   0.2667  -0.0823   0.0555   0.1318   0.61    2.1

2017/06/19 12:08:47.800   59.350114884   18.067323052    67.7543   2   4   0.1996   0.1010   0.2666  -0.0821   0.0555   0.1317   0.81    2.2

2017/06/19 12:08:48.000   59.350114853   18.067323089    67.7498   2   4   0.1994   0.1009   0.2665  -0.0820   0.0556   0.1316   1.00    2.3

2017/06/19 12:08:48.200   59.350114877   18.067323158    67.7603   2   4   0.1991   0.1008   0.2662  -0.0819   0.0556   0.1314   0.20    2.3

2017/06/19 12:08:48.400   59.350114962   18.067323153    67.7680   2   4   0.1989   0.1007   0.2661  -0.0818   0.0556   0.1313   0.41    2.3

2017/06/19 12:08:48.600   59.350114916   18.067323181    67.7694   2   4   0.1986   0.1006   0.2660  -0.0816   0.0556   0.1312   0.61    2.4

2017/06/19 12:08:48.800   59.350114972   18.067323157    67.7765   2   4   0.1984   0.1005   0.2658  -0.0815   0.0556   0.1311   0.81    2.4

2017/06/19 12:08:49.000   59.350114901   18.067323238    67.7853   2   4   0.1982   0.1004   0.2657  -0.0814   0.0556   0.1310   1.00    2.4

2017/06/19 12:08:49.200   59.350114912   18.067323281    67.7879   2   4   0.1979   0.1003   0.2655  -0.0813   0.0556   0.1309   0.20    2.4

2017/06/19 12:08:49.400   59.350114871   18.067323276    67.7799   2   4   0.1977   0.1002   0.2653  -0.0811   0.0556   0.1307   0.41    2.4

2017/06/19 12:08:49.600   59.350114823   18.067323263    67.7784   2   4   0.1974   0.1001   0.2652  -0.0810   0.0556   0.1306   0.61    2.3

2017/06/19 12:08:49.800   59.350114871   18.067323280    67.7866   2   4   0.1972   0.1000   0.2651  -0.0809   0.0557   0.1305   0.81    2.3

2017/06/19 12:08:50.000   59.350114852   18.067323230    67.7777   2   4   0.1970   0.1000   0.2649  -0.0808   0.0557   0.1304   1.00    2.3

2017/06/19 12:08:50.200   59.350114800   18.067323316    67.7660   2   4   0.1967   0.0999   0.2648  -0.0807   0.0557   0.1303   1.21    2.3

2017/06/19 12:08:50.400   59.350114769   18.067323325    67.7593   2   4   0.1965   0.0998   0.2646  -0.0805   0.0557   0.1302   0.41    2.3

2017/06/19 12:08:50.600   59.350114749   18.067323220    67.7532   2   4   0.1962   0.0997   0.2644  -0.0804   0.0557   0.1301   0.61    2.3

2017/06/19 12:08:50.800   59.350114890   18.067323253    67.7481   2   4   0.1960   0.0996   0.2643  -0.0803   0.0557   0.1300   0.81    2.4

2017/06/19 12:08:51.000   59.350114886   18.067323214    67.7539   2   4   0.1958   0.0995   0.2642  -0.0802   0.0557   0.1299   1.00    2.4

2017/06/19 12:08:51.200   59.350114967   18.067323217    67.7712   2   4   0.1955   0.0994   0.2640  -0.0801   0.0557   0.1297   0.20    2.4

2017/06/19 12:08:51.400   59.350114986   18.067323200    67.7679   2   4   0.1953   0.0993   0.2638  -0.0799   0.0557   0.1296   0.41    2.4

2017/06/19 12:08:51.600   59.350114979   18.067323254    67.7607   2   4   0.1951   0.0992   0.2637  -0.0798   0.0558   0.1295   0.61    2.4

2017/06/19 12:08:51.800   59.350116045   18.067323055    67.9323   1   5   0.0132   0.0078   0.0223  -0.0032   0.0087   0.0095   0.81    9.4

2017/06/19 12:08:52.000   59.350116035   18.067323025    67.9339   1   5   0.0133   0.0079   0.0223  -0.0032   0.0087   0.0094   1.00    5.3

2017/06/19 12:08:52.200   59.350116112   18.067323000    67.9357   1   5   0.0131   0.0077   0.0219  -0.0032   0.0085   0.0093   0.20    3.8

2017/06/19 12:08:52.400   59.350114994   18.067322991    67.7508   2   5   0.1936   0.0988   0.2619  -0.0793   0.0562   0.1278   0.41    2.6

2017/06/19 12:08:52.600   59.350114940   18.067322956    67.7440   2   5   0.1933   0.0987   0.2615  -0.0791   0.0563   0.1274   0.61    2.1

2017/06/19 12:08:52.800   59.350114975   18.067323015    67.7509   2   5   0.1930   0.0986   0.2611  -0.0790   0.0564   0.1270   0.81    1.7

2017/06/19 12:08:53.000   59.350115009   18.067322957    67.7538   2   5   0.1926   0.0985   0.2607  -0.0788   0.0566   0.1266   1.00    1.5

2017/06/19 12:08:53.200   59.350114958   18.067322912    67.7368   2   5   0.1923   0.0984   0.2602  -0.0787   0.0566   0.1262   0.20    1.1

2017/06/19 12:08:53.400   59.350114933   18.067322883    67.7340   2   5   0.1920   0.0983   0.2598  -0.0786   0.0567   0.1258   0.41    1.2

2017/06/19 12:08:53.600   59.350114947   18.067322834    67.7300   2   5   0.1917   0.0982   0.2594  -0.0784   0.0568   0.1254   0.61    1.2

2017/06/19 12:08:53.800   59.350114922   18.067322812    67.7293   2   5   0.1914   0.0981   0.2590  -0.0783   0.0569   0.1251   0.81    1.3

2017/06/19 12:08:54.000   59.350114916   18.067322792    67.7298   2   5   0.1911   0.0980   0.2587  -0.0782   0.0570   0.1247   1.00    1.3

2017/06/19 12:08:54.200   59.350114875   18.067322823    67.7288   2   5   0.1907   0.0979   0.2583  -0.0780   0.0571   0.1244   0.20    1.2

2017/06/19 12:08:54.400   59.350114909   18.067322701    67.7260   2   5   0.1904   0.0978   0.2579  -0.0779   0.0572   0.1240   0.41    1.2

2017/06/19 12:08:54.600   59.350114994   18.067322640    67.7253   2   5   0.1901   0.0977   0.2576  -0.0778   0.0573   0.1237   0.61    1.2

2017/06/19 12:08:54.800   59.350114933   18.067322521    67.7221   2   5   0.1899   0.0976   0.2572  -0.0776   0.0574   0.1234   0.81    1.1

2017/06/19 12:08:55.000   59.350115021   18.067322515    67.7325   2   5   0.1896   0.0976   0.2569  -0.0775   0.0575   0.1231   1.00    1.1

2017/06/19 12:08:55.200   59.350114974   18.067322546    67.7303   2   5   0.1893   0.0974   0.2565  -0.0774   0.0575   0.1227   0.20    1.1

2017/06/19 12:08:55.400   59.350114941   18.067322515    67.7221   2   5   0.1890   0.0974   0.2562  -0.0772   0.0576   0.1224   0.41    1.0

2017/06/19 12:08:55.600   59.350114929   18.067322440    67.7135   2   5   0.1887   0.0973   0.2558  -0.0771   0.0577   0.1221   0.61    1.1

2017/06/19 12:08:55.800   59.350114943   18.067322322    67.7052   2   5   0.1884   0.0972   0.2555  -0.0770   0.0578   0.1218   0.81    1.1

2017/06/19 12:08:56.000   59.350114954   18.067322409    67.7172   2   5   0.1881   0.0971   0.2552  -0.0769   0.0579   0.1215   1.00    1.1

2017/06/19 12:08:56.200   59.350115035   18.067322275    67.7113   2   5   0.1878   0.0970   0.2548  -0.0767   0.0579   0.1212   0.20    1.0

2017/06/19 12:08:56.400   59.350114996   18.067322287    67.7093   2   5   0.1876   0.0969   0.2545  -0.0766   0.0580   0.1209   0.41    1.0

2017/06/19 12:08:56.600   59.350114934   18.067322247    67.7016   2   5   0.1873   0.0968   0.2542  -0.0765   0.0581   0.1206   0.61    1.0

2017/06/19 12:08:56.800   59.350115046   18.067322172    67.6972   2   5   0.1870   0.0967   0.2539  -0.0764   0.0581   0.1203   0.81    1.1

2017/06/19 12:08:57.000   59.350115002   18.067322070    67.6965   2   5   0.1867   0.0966   0.2535  -0.0762   0.0582   0.1200   1.00    1.0

2017/06/19 12:08:57.200   59.350115129   18.067322161    67.6888   2   4   0.1865   0.1013   0.2584  -0.0752   0.0706   0.1207   0.20    1.3

2017/06/19 12:08:57.600   59.350115032   18.067323939    67.8707   2   4   0.1862   0.1105   0.2710  -0.0723   0.0932   0.1233   0.61    1.2

2017/06/19 12:08:57.800   59.350115147   18.067324101    67.9005   2   4   0.1860   0.1092   0.2695  -0.0722   0.0908   0.1232   0.81    1.2

2017/06/19 12:08:58.000   59.350115208   18.067323649    67.8755   2   4   0.1858   0.1091   0.2692  -0.0721   0.0908   0.1230   1.00    1.2

2017/06/19 12:08:58.800   59.350114131   18.067322791    68.0555   5   3   0.2864   0.1123   0.3089   0.0827  -0.0823  -0.1575   0.81    0.0

2017/06/19 12:08:59.000   59.350113523   18.067322867    68.0795   5   3   0.3847   0.1478   0.4139   0.1701  -0.1823  -0.3014   1.00    0.0

2017/06/19 12:08:59.200   59.350113008   18.067322148    68.1973   2   4   0.5539   0.1719   0.5080   0.2600  -0.2436  -0.4624   0.20    0.0

2017/06/19 12:08:59.400   59.350116061   18.067323581    68.0241   2   4   0.2661   0.1107   0.3019   0.0629  -0.0753  -0.1263   0.41    0.0

2017/06/19 12:08:59.600   59.350116485   18.067323311    68.0209   2   5   0.2586   0.1095   0.2964   0.0550  -0.0689  -0.1129   0.61    0.0

2017/06/19 12:08:59.800   59.350116814   18.067322860    67.9887   2   5   0.2483   0.1078   0.2897   0.0413  -0.0600  -0.0922   0.81    0.0

2017/06/19 12:09:00.000   59.350116946   18.067322151    67.9264   2   5   0.2462   0.1074   0.2890   0.0381  -0.0584  -0.0892   1.00    0.0

2017/06/19 12:09:00.200   59.350117047   18.067321709    67.8588   2   5   0.2453   0.1071   0.2888   0.0367  -0.0578  -0.0885   1.21    0.0

2017/06/19 12:09:00.400   59.350117823   18.067320553    67.7715   2   4   0.2445   0.1116   0.2925   0.0381  -0.0412  -0.0859   0.41    0.0

2017/06/19 12:09:00.600   59.350118244   18.067318434    67.6278   5   3   0.2459   0.1356   0.3113   0.0089   0.0817  -0.0940   0.61    0.0

2017/06/19 12:09:00.800   59.350118614   18.067316674    67.4440   5   3   0.2484   0.2002   0.3721  -0.0727   0.1921  -0.1265   0.81    0.0

2017/06/19 12:09:01.000   59.350117728   18.067321511    67.7306   2   4   0.2435   0.1239   0.3028   0.0454   0.0551  -0.0756   1.00    0.0

2017/06/19 12:09:01.200   59.350118095   18.067323157    67.7223   2   5   0.2423   0.1066   0.2864   0.0332  -0.0547  -0.0834   0.20    0.0

2017/06/19 12:09:01.400   59.350117834   18.067324686    67.7143   2   5   0.2416   0.1064   0.2859   0.0323  -0.0542  -0.0826   0.41    0.0

2017/06/19 12:09:01.600   59.350117247   18.067325457    67.6886   2   5   0.2410   0.1062   0.2855   0.0316  -0.0536  -0.0816   0.61    0.0

2017/06/19 12:09:01.800   59.350116185   18.067326039    67.6236   2   5   0.2403   0.1060   0.2850   0.0309  -0.0531  -0.0807   0.81    0.0

2017/06/19 12:09:02.000   59.350115852   18.067326323    67.5859   2   5   0.2397   0.1059   0.2846   0.0302  -0.0525  -0.0798   1.00    0.0

2017/06/19 12:09:02.200   59.350115205   18.067326821    67.5789   2   5   0.2391   0.1057   0.2841   0.0295  -0.0519  -0.0790   0.20    0.0

2017/06/19 12:09:02.400   59.350114945   18.067326268    67.5597   2   5   0.2385   0.1055   0.2837   0.0288  -0.0514  -0.0781   0.41    0.0

2017/06/19 12:09:02.600   59.350114239   18.067326285    67.5459   2   5   0.2379   0.1054   0.2833   0.0281  -0.0508  -0.0772   0.61    0.0

2017/06/19 12:09:02.800   59.350114032   18.067325783    67.5464   2   4   0.2373   0.1053   0.2834   0.0274  -0.0508  -0.0765   0.81    0.0

2017/06/19 12:09:03.000   59.350114075   18.067325719    67.5651   2   4   0.2368   0.1052   0.2832   0.0268  -0.0505  -0.0758   1.00    0.0

2017/06/19 12:09:03.200   59.350114657   18.067326293    67.5594   2   5   0.2362   0.1050   0.2823   0.0262  -0.0496  -0.0749   0.20    0.0

2017/06/19 12:09:03.400   59.350115579   18.067326536    67.5401   2   5   0.2357   0.1048   0.2819   0.0255  -0.0490  -0.0740   0.41    0.0

2017/06/19 12:09:03.600   59.350116691   18.067326628    67.5501   2   5   0.2351   0.1047   0.2814   0.0248  -0.0485  -0.0732   0.61    0.0

2017/06/19 12:09:03.800   59.350117280   18.067326424    67.5436   2   5   0.2346   0.1045   0.2810   0.0240  -0.0479  -0.0724   0.81    0.0

2017/06/19 12:09:04.000   59.350118484   18.067325291    67.5110   2   5   0.2340   0.1044   0.2806   0.0233  -0.0474  -0.0716   1.00    0.0

2017/06/19 12:09:04.200   59.350119382   18.067324845    67.5432   2   5   0.2335   0.1042   0.2802   0.0226  -0.0469  -0.0709   0.20    0.0

2017/06/19 12:09:04.400   59.350119815   18.067323836    67.5267   2   5   0.2329   0.1040   0.2798   0.0218  -0.0463  -0.0701   0.41    0.0

2017/06/19 12:09:04.600   59.350119883   18.067322550    67.4802   2   5   0.2324   0.1039   0.2794   0.0211  -0.0458  -0.0693   0.61    0.0

2017/06/19 12:09:04.800   59.350120157   18.067321509    67.4494   2   5   0.2319   0.1037   0.2790   0.0203  -0.0452  -0.0685   0.81    0.0

2017/06/19 12:09:05.000   59.350120046   18.067320633    67.4486   2   4   0.2327   0.1037   0.2787   0.0225  -0.0451  -0.0692   1.00    0.0

2017/06/19 12:09:05.200   59.350119988   18.067319953    67.4367   2   4   0.2326   0.1036   0.2785   0.0229  -0.0450  -0.0694   0.20    0.0

2017/06/19 12:09:05.400   59.350119962   18.067319739    67.4184   5   3   0.2332   0.1103   0.2833   0.0345   0.0062  -0.0625   0.41    0.0

2017/06/19 12:09:05.600   59.350119540   18.067319874    67.4133   5   3   0.2373   0.1418   0.3113   0.0717   0.1078   0.0431   0.61    0.0

2017/06/19 12:09:05.800   59.350119630   18.067321054    67.4426   2   4   0.2324   0.1035   0.2777   0.0234  -0.0438  -0.0695   0.81    0.0

2017/06/19 12:09:06.000   59.350118349   18.067321791    67.3841   2   4   0.2323   0.1033   0.2775   0.0235  -0.0436  -0.0695   1.00    0.0

2017/06/19 12:09:06.200   59.350117060   18.067322322    67.1800   1   4   0.0298   0.0090   0.0224   0.0107   0.0078   0.0041   0.20    5.9

2017/06/19 12:09:06.400   59.350116066   18.067322501    67.3874   2   4   0.2420   0.1041   0.2799   0.0248  -0.0495  -0.0750   0.41    2.9

2017/06/19 12:09:06.600   59.350115890   18.067322770    67.3713   2   5   0.2395   0.1039   0.2790   0.0236  -0.0480  -0.0728   0.61    1.9

2017/06/19 12:09:06.800   59.350115402   18.067322647    67.3397   2   5   0.2378   0.1037   0.2783   0.0217  -0.0471  -0.0715   0.81    2.1

2017/06/19 12:09:07.000   59.350114729   18.067322969    67.2853   2   5   0.2366   0.1035   0.2779   0.0201  -0.0465  -0.0704   1.00    2.2

2017/06/19 12:09:07.200   59.350114049   18.067323192    67.2457   5   3   0.2430   0.1037   0.2777   0.0112  -0.0464  -0.0701   1.21    0.0

2017/06/19 12:09:07.400   59.350113342   18.067323286    67.2387   5   3   0.2846   0.1040   0.2775  -0.0362  -0.0465  -0.0685   0.41    0.0

2017/06/19 12:09:07.600   59.350112644   18.067323013    67.2081   5   3   0.3992   0.1055   0.2772  -0.0800  -0.0469  -0.0622   0.61    0.0

2017/06/19 12:09:08.200   59.350114987   18.067322944    67.1198   1   4   0.0299   0.0090   0.0219   0.0106   0.0078   0.0049   0.20    5.3

2017/06/19 12:09:08.600   59.350114872   18.067321324    67.1065   5   3   0.2358   0.1264   0.3074   0.0363   0.0888  -0.0538   0.61    0.0

2017/06/19 12:09:08.800   59.350114717   18.067320409    67.0363   5   3   0.2362   0.1756   0.3893   0.0628   0.1925   0.0490   0.81    0.0

2017/06/19 12:09:09.000   59.350114749   18.067319499    66.9238   5   3   0.2379   0.2645   0.5481   0.1017   0.3368   0.1227   1.00    0.0

2017/06/19 12:09:09.200   59.350114644   18.067318453    66.7931   5   3   0.2420   0.3936   0.7901   0.1550   0.5286   0.2046   0.20    0.0

2017/06/19 12:09:09.400   59.350114589   18.067317002    66.6425   5   3   0.2500   0.5634   1.1156   0.2236   0.7726   0.3046   0.41    0.0

2017/06/19 12:09:09.600   59.350114551   18.067315408    66.4674   5   3   0.2636   0.7755   1.5265   0.3086   1.0735   0.4258   0.61    0.0

2017/06/19 12:09:09.800   59.350114438   18.067313606    66.2656   5   3   0.2845   1.0322   2.0257   0.4109   1.4351   0.5705   0.81    0.0

2017/06/19 12:09:10.000   59.350114280   18.067311536    66.0432   5   3   0.3142   1.3355   2.6170   0.5316   1.8611   0.7402   1.00    0.0








2017/06/19 12:09:17.400   59.350115691   18.067321235    67.2422   1   4   0.0247   0.0112   0.0229  -0.0132   0.0074   0.0126   0.41    3.1


2017/06/19 12:09:18.600   59.350116633   18.067321872    67.6948   5   3   0.2384   0.1036   0.2748   0.0336  -0.0487  -0.0812   0.61    0.0

2017/06/19 12:09:18.800   59.350117322   18.067321161    67.7333   2   4   0.2234   0.1011   0.2654  -0.0269  -0.0280  -0.0285   0.81    1.8

2017/06/19 12:09:19.000   59.350118188   18.067320493    67.7451   2   4   0.2232   0.1010   0.2652  -0.0267  -0.0276  -0.0283   1.00    1.8

2017/06/19 12:09:19.200   59.350118852   18.067319574    67.6947   2   4   0.2232   0.1009   0.2650  -0.0265  -0.0273  -0.0286   1.21    2.0


2017/06/19 12:09:20.400   59.350114849   18.067305826    66.4706   2   4   0.4160   0.7169   1.0750   0.4990   0.8597   0.6047   0.41    0.0

2017/06/19 12:09:20.600   59.350116763   18.067314082    67.2065   2   5   0.2604   0.3153   0.5174   0.2007   0.3640   0.2457   0.61    0.0

2017/06/19 12:09:20.800   59.350116798   18.067314169    67.2074   2   5   0.2511   0.2717   0.4582   0.1721   0.3069   0.2108   0.81    0.0

2017/06/19 12:09:21.000   59.350117443   18.067314552    67.2376   2   5   0.2454   0.2487   0.4270   0.1550   0.2759   0.1901   1.00    0.0

2017/06/19 12:09:21.200   59.350118344   18.067314180    67.2183   2   5   0.2428   0.2379   0.4135   0.1470   0.2617   0.1808   1.21    0.0

2017/06/19 12:09:21.400   59.350118551   18.067312840    67.1913   2   4   0.2422   0.2368   0.4127   0.1459   0.2607   0.1798   0.41    0.0

2017/06/19 12:09:21.600   59.350118662   18.067310975    67.0722   5   3   0.2446   0.2444   0.4218   0.1522   0.2707   0.1869   0.61    0.0

2017/06/19 12:09:21.800   59.350119054   18.067310897    67.1559   2   5   0.2414   0.2354   0.4115   0.1452   0.2595   0.1796   0.81    0.0

2017/06/19 12:09:22.000   59.350118960   18.067309181    67.0271   2   4   0.2409   0.2383   0.4157   0.1455   0.2638   0.1802   1.00    0.0

2017/06/19 12:09:22.200   59.350119347   18.067308758    66.9651   2   4   0.2404   0.2399   0.4184   0.1453   0.2664   0.1803   1.21    0.0

2017/06/19 12:09:22.400   59.350119383   18.067309921    67.0273   2   5   0.2396   0.2332   0.4092   0.1431   0.2573   0.1780   0.41    0.0

2017/06/19 12:09:22.600   59.350118980   18.067310943    66.9879   2   5   0.2389   0.2319   0.4078   0.1419   0.2558   0.1769   0.61    0.0

2017/06/19 12:09:22.800   59.350118537   18.067313121    67.0124   2   5   0.2382   0.2306   0.4066   0.1408   0.2545   0.1760   0.81    0.0

2017/06/19 12:09:23.000   59.350117802   18.067315482    67.0910   2   5   0.2375   0.2293   0.4053   0.1397   0.2531   0.1750   1.00    0.0

2017/06/19 12:09:23.200   59.350117197   18.067317880    67.1519   2   5   0.2368   0.2281   0.4041   0.1386   0.2518   0.1741   0.20    0.0

2017/06/19 12:09:23.400   59.350116389   18.067318499    67.1699   2   5   0.2361   0.2268   0.4029   0.1375   0.2505   0.1732   0.41    0.0

2017/06/19 12:09:23.600   59.350115019   18.067319035    67.1969   2   4   0.2357   0.2286   0.4054   0.1375   0.2532   0.1734   0.61    0.0

2017/06/19 12:09:23.800   59.350114573   18.067318886    67.2545   2   4   0.2352   0.2314   0.4098   0.1378   0.2576   0.1741   0.81    0.0

2017/06/19 12:09:24.000   59.350113154   18.067317061    67.0931   2   4   0.2348   0.2323   0.4113   0.1378   0.2591   0.1744   1.00    0.0

2017/06/19 12:09:24.200   59.350112447   18.067317331    67.1615   2   5   0.2341   0.2310   0.4102   0.1366   0.2579   0.1734   1.21    0.0

2017/06/19 12:09:24.400   59.350112009   18.067315054    67.0893   5   3   0.2380   0.2285   0.4109   0.1381   0.2544   0.1689   0.41    0.0

2017/06/19 12:09:24.600   59.350111801   18.067314419    66.9707   5   3   0.2625   0.2289   0.4201   0.1484   0.2474   0.1330   0.61    0.0


2017/06/19 12:09:26.400   59.350109615   18.067312691    67.3608   2   4   0.5423   0.4875   0.9896   0.3211   0.5883  -0.3480   0.41    0.0

2017/06/19 12:09:26.600   59.350109916   18.067311855    67.2618   2   4   0.5146   0.3205   0.7495   0.2399   0.3411  -0.4238   0.61    0.0

2017/06/19 12:09:26.800   59.350109722   18.067312827    67.3958   2   4   0.4997   0.3012   0.7046   0.2354   0.3080  -0.4044   0.81    0.0

2017/06/19 12:09:27.000   59.350109185   18.067313129    67.5009   2   4   0.4905   0.2934   0.6854   0.2320   0.2964  -0.3930   1.00    0.0

2017/06/19 12:09:27.200   59.350109077   18.067313120    67.5626   2   4   0.4823   0.2884   0.6716   0.2287   0.2898  -0.3830   1.21    0.0

2017/06/19 12:09:27.400   59.350108742   18.067313096    67.6194   2   4   0.4745   0.2846   0.6595   0.2257   0.2851  -0.3733   0.41    0.0

2017/06/19 12:09:27.600   59.350108803   18.067313079    67.6443   2   4   0.4672   0.2830   0.6521   0.2227   0.2848  -0.3645   0.61    0.0

2017/06/19 12:09:27.800   59.350108655   18.067313434    67.7153   2   4   0.4602   0.2830   0.6485   0.2196   0.2879  -0.3565   0.81    0.0

2017/06/19 12:09:28.000   59.350108621   18.067313943    67.7747   2   4   0.4537   0.2836   0.6464   0.2167   0.2920  -0.3488   1.00    0.0

2017/06/19 12:09:28.200   59.350108074   18.067313350    67.8143   2   4   0.4474   0.2839   0.6439   0.2139   0.2953  -0.3414   0.20    0.0

2017/06/19 12:09:28.400   59.350107586   18.067312715    67.8421   2   4   0.4414   0.2839   0.6409   0.2113   0.2978  -0.3343   0.41    0.0

2017/06/19 12:09:28.600   59.350106895   18.067312631    67.9315   2   4   0.4357   0.2836   0.6376   0.2089   0.2995  -0.3274   0.61    0.0

2017/06/19 12:09:28.800   59.350106714   18.067313051    68.0068   2   4   0.4302   0.2832   0.6342   0.2065   0.3009  -0.3208   0.81    0.0

2017/06/19 12:09:29.000   59.350106231   18.067312782    68.0666   2   4   0.4250   0.2828   0.6310   0.2042   0.3022  -0.3145   1.00    0.0

2017/06/19 12:09:29.200   59.350105562   18.067312835    68.1659   2   4   0.4200   0.2822   0.6278   0.2020   0.3033  -0.3084   0.20    0.0

2017/06/19 12:09:29.400   59.350104917   18.067312780    68.2521   2   4   0.4152   0.2819   0.6250   0.1999   0.3045  -0.3025   0.41    0.0

2017/06/19 12:09:29.600   59.350104290   18.067312853    68.3626   2   4   0.4105   0.2817   0.6224   0.1979   0.3058  -0.2968   0.61    0.0

2017/06/19 12:09:29.800   59.350103536   18.067312401    68.4238   2   4   0.4061   0.2815   0.6199   0.1960   0.3071  -0.2912   0.81    0.0

2017/06/19 12:09:30.000   59.350102723   18.067311965    68.4904   2   4   0.4018   0.2814   0.6176   0.1942   0.3084  -0.2859   1.00    0.0

2017/06/19 12:09:30.200   59.350102008   18.067311902    68.5809   2   4   0.3976   0.2812   0.6155   0.1924   0.3096  -0.2807   1.21    0.0

2017/06/19 12:09:30.400   59.350101545   18.067311411    68.6077   2   4   0.3936   0.2809   0.6132   0.1907   0.3106  -0.2756   0.41    0.0

2017/06/19 12:09:30.600   59.350100965   18.067311233    68.6714   2   4   0.3898   0.2807   0.6111   0.1890   0.3116  -0.2707   0.61    0.0

2017/06/19 12:09:30.800   59.350100668   18.067310978    68.7084   2   4   0.3861   0.2806   0.6091   0.1874   0.3126  -0.2659   0.81    0.0

2017/06/19 12:09:31.000   59.350100338   18.067310974    68.7569   2   4   0.3825   0.2805   0.6072   0.1859   0.3136  -0.2612   1.00    0.0

2017/06/19 12:09:31.200   59.350100003   18.067311047    68.8111   2   4   0.3790   0.2804   0.6054   0.1844   0.3145  -0.2567   1.21    0.0

2017/06/19 12:09:31.400   59.350099771   18.067311135    68.8468   2   4   0.3756   0.2801   0.6035   0.1830   0.3152  -0.2523   0.41    0.0

2017/06/19 12:09:31.600   59.350099664   18.067311268    68.8910   2   4   0.3723   0.2799   0.6018   0.1816   0.3161  -0.2480   0.61    0.0

2017/06/19 12:09:31.800   59.350099529   18.067311383    68.9312   2   4   0.3691   0.2799   0.6002   0.1803   0.3169  -0.2437   0.81    0.0

2017/06/19 12:09:32.000   59.350099361   18.067311684    68.9895   2   4   0.3661   0.2798   0.5986   0.1790   0.3177  -0.2396   1.00    0.0

2017/06/19 12:09:32.200   59.350099228   18.067311477    69.0107   2   4   0.3631   0.2797   0.5971   0.1777   0.3185  -0.2356   1.21    0.0

2017/06/19 12:09:32.400   59.350098976   18.067311578    69.0469   2   4   0.3602   0.2795   0.5955   0.1765   0.3191  -0.2316   0.41    0.0

2017/06/19 12:09:32.600   59.350098632   18.067311707    69.1099   2   4   0.3574   0.2794   0.5941   0.1753   0.3198  -0.2278   0.61    0.0

2017/06/19 12:09:32.800   59.350098423   18.067311406    69.1375   2   4   0.3546   0.2793   0.5927   0.1742   0.3205  -0.2240   0.81    0.0

2017/06/19 12:09:33.000   59.350098143   18.067311261    69.1725   2   4   0.3519   0.2793   0.5914   0.1731   0.3212  -0.2203   1.00    0.0

2017/06/19 12:09:33.200   59.350097831   18.067311529    69.2501   2   4   0.3493   0.2791   0.5900   0.1720   0.3217  -0.2167   0.20    0.0

2017/06/19 12:09:33.400   59.350097553   18.067311711    69.3213   2   4   0.3468   0.2790   0.5887   0.1709   0.3223  -0.2131   0.41    0.0

2017/06/19 12:09:33.600   59.350097240   18.067311847    69.3800   2   4   0.3443   0.2789   0.5875   0.1699   0.3229  -0.2096   0.61    0.0

2017/06/19 12:09:33.800   59.350097004   18.067311789    69.4243   2   4   0.3419   0.2789   0.5864   0.1689   0.3235  -0.2062   0.81    0.0

2017/06/19 12:09:34.000   59.350096833   18.067311042    69.4170   2   4   0.3396   0.2789   0.5853   0.1680   0.3241  -0.2028   1.00    0.0

2017/06/19 12:09:34.200   59.350096604   18.067311244    69.4778   2   4   0.3373   0.2787   0.5841   0.1670   0.3245  -0.1995   0.20    0.0

2017/06/19 12:09:34.400   59.350096410   18.067311544    69.5495   2   4   0.3351   0.2787   0.5830   0.1661   0.3250  -0.1962   0.41    0.0

2017/06/19 12:09:34.600   59.350096193   18.067311596    69.5970   2   4   0.3329   0.2786   0.5820   0.1652   0.3256  -0.1930   0.61    0.0

2017/06/19 12:09:34.800   59.350095967   18.067311310    69.6115   2   4   0.3308   0.2786   0.5810   0.1644   0.3261  -0.1899   0.81    0.0

2017/06/19 12:09:35.000   59.350095811   18.067311562    69.6708   2   4   0.3287   0.2786   0.5800   0.1635   0.3266  -0.1867   1.00    0.0

2017/06/19 12:09:35.200   59.350095609   18.067311663    69.7095   2   4   0.3267   0.2784   0.5790   0.1627   0.3270  -0.1837   0.20    0.0

2017/06/19 12:09:35.400   59.350095426   18.067311268    69.7220   2   4   0.3247   0.2784   0.5780   0.1619   0.3274  -0.1807   0.41    0.0

2017/06/19 12:09:35.600   59.350095230   18.067311455    69.7713   2   4   0.3227   0.2784   0.5771   0.1611   0.3279  -0.1777   0.61    0.0

2017/06/19 12:09:35.800   59.350095141   18.067311404    69.8070   2   4   0.3208   0.2784   0.5763   0.1603   0.3284  -0.1747   0.81    0.0

