1.393311023712158203e+00 -2.881471812725067139e-01 9.245533496141433716e-02 3.000000000000000000e+00
1.543200016021728516e+00 -2.269650697708129883e-01 6.783385574817657471e-02 0.000000000000000000e+00
1.566887021064758301e+00 -1.134548708796501160e-01 5.717565491795539856e-02 0.000000000000000000e+00
1.357533812522888184e+00 -2.706119418144226074e-01 2.117160409688949585e-01 1.000000000000000000e+00
1.382468700408935547e+00 -2.962273061275482178e-01 1.123806983232498169e-01 3.000000000000000000e+00
1.390875816345214844e+00 -2.876435518264770508e-01 7.152337580919265747e-02 3.000000000000000000e+00
1.375926852226257324e+00 -2.948255538940429688e-01 1.529431641101837158e-01 1.000000000000000000e+00
1.374455809593200684e+00 -3.047729432582855225e-01 6.041643023490905762e-02 3.000000000000000000e+00
1.388781189918518066e+00 -2.872103750705718994e-01 5.067658051848411560e-02 3.000000000000000000e+00
1.382878780364990234e+00 -2.963151633739471436e-01 7.111214846372604370e-02 3.000000000000000000e+00
1.572396278381347656e+00 -1.725564301013946533e-01 6.911722570657730103e-02 0.000000000000000000e+00
1.352547764778137207e+00 -2.797170281410217285e-01 2.008394300937652588e-01 1.000000000000000000e+00
1.353491187095642090e+00 -2.799121141433715820e-01 1.908734738826751709e-01 1.000000000000000000e+00
1.280720353126525879e+00 -2.839879393577575684e-01 4.483664035797119141e-01 2.000000000000000000e+00
1.350257039070129395e+00 -2.792432904243469238e-01 2.307449579238891602e-01 1.000000000000000000e+00
1.357949256896972656e+00 -2.706947624683380127e-01 2.016414850950241089e-01 1.000000000000000000e+00
1.389691710472106934e+00 -2.873986661434173584e-01 6.108614429831504822e-02 3.000000000000000000e+00
1.345911741256713867e+00 -2.883940935134887695e-01 1.898045986890792847e-01 1.000000000000000000e+00
